preprocess: 0.10967254638671875
run: 47.84107208251953
Memory: 6304, Time: 0:00.17
