preprocess: 0.09799003601074219
run: 0.8528232574462891
Memory: 6456, Time: 0:00.03
