preprocess: 0.9360313415527344
run: 6654.353857040405
Memory: 7496, Time: 0:06.72
