preprocess: 0.09918212890625
run: 0.06699562072753906
Memory: 6236, Time: 0:00.07
