preprocess: 0.8668899536132812
run: 6311.184883117676
Memory: 7640, Time: 0:06.34
